251
190
698
137
329
1
615
689
758
572
496
477
771
225
768
258
268
188
745
699
0
365
267
221
79
125
407
573
65
170
230
710
650
262
726
773
312
168
701
525
141
134
338
758
388
124
123
73
615
462
176
127
762
404
434
214
478
578
261
264
739
348
456
650
593
63
524
148
323
78
232
209
237
606
772
553
538
737
691
11
582
773
332
516
765
443
695
194
292
632
317
545
500
493
37
647
466
743
621
527
454
333
244
279
677
683
299
497
656
663
143
640
358
345
543
318
224
497
334
213
274
603
746
455
10
494
645
117
696
713
481
426
269
144
35
516
113
632
102
141
642
524
498
6
484
98
285
561
375
279
436
676
634
276
91
58
514
153
429
722
174
181
146
501
690
500
586
65
217
313
396
616
546
80
587
725
650
638
166
196
279
750
231
245
74
236
453
5
743
742
453
52
593
708
237
323
562
444
153
319
692
600
423
639
541
4
268
9
677
610
601
190
670
681
629
599
192
440
324
517
668
345
483
485
248
9
185
271
87
145
98
148
504
410
346
73
175
446
426
198
310
452
40
768
325
88
252
677
302
92
203
419
68
66
633
666
330
374
560
633
710
682
610
111
743
232
346
240
236
697
526
114
203
531
612
634
157
457
513
116
170
410
295
552
83
486
279
32
618
679
182
734
148
625
455
349
530
145
532
385
327
742
288
271
373
122
156
172
209
643
198
339
717
771
273
116
768
214
595
390
375
603
560
367
673
111
543
152
17
470
695
561
516
479
455
207
757
199
532
134
674
414
668
268
771
239
167
450
654
438
7
126
767
525
681
132
496
643
24
378
269
127
115
511
681
280
475
595
652
647
736
191
660
564
318
493
412
564
153
43
408
158
413
211
773
511
449
102
179
419
749
595
163
44
636
11
390
94
361
599
268
501
249
262
76
136
673
434
197
207
210
732
168
176
184
643
284
773
350
260
528
2
264
391
482
303
34
634
690
246
284
276
74
36
2
732
410
96
75
186
261
750
121
388
440
654
610
12
225
434
452
400
395
86
366
270
715
454
438
547
648
517
542
64
553
662
414
33
636
431
771
103
320
704
30
354
303
677
8
579
760
313
291
352
643
289
536
100
708
291
6
54
253
507
356
298
558
282
161
41
190
51
274
342
349
273
441
113
537
458
50
658
763
480
223
287
397
580
410
106
660
90
41
579
516
168
191
582
533
357
698
679
426
106
101
424
676
679
453
392
398
244
770
248
17
34
722
312
19
750
530
98
36
34
196
382
151
482
764
759
597
170
429
10
280
672
595
566
217
411
397
398
382
201
686
701
432
427
422
106
21
382
575
364
642
452
270
731
226
240
380
589
135
579
540
5
727
746
458
448
133
523
311
579
20
410
335
192
81
157
639
492
47
648
42
434
668
145
758
481
67
39
477
535
437
142
35
218
419
668
294
13
508
666
255
422
422
530
387
353
708
505
607
652
327
187
108
201
643
267
291
405
676
268
301
81
170
663
46
236
387
600
86
550
672
734
431
657
617
36
771
73
105
577
259
576
681
560
652
589
144
568
306
195
444
364
681
64
679
314
736
233
670
62
166
612
764
428
508
373
2
527
114
708
74
493
325
720
281
22
691
219
533
482
154
566
767
330
34
33
348
174
425
510
685
40
342
437
169
370
419
360
207
535
280
95
566
741
127
576
213
184
50
393
328
582
107
374
188
767
347
548
578
354
431
626
650
105
677
187
295
94
769
763
127
280
499
88
341
281
126
544
45
27
576
12
292
40
19
57
282
518
540
104
147
772
13
169
470
637
586
44
702
270
544
764
454
670
592
354
618
205
244
396
146
438
589
440
429
472
326
86
640
231
441
535
174
596
440
528
203
604
296
668
531
46
637
447
141
761
513
702
769
422
113
35
136
12
114
737
566
662
492
619
228
691
348
59
487
134
577
675
30
654
503
412
269
265
195
49
152
739
685
402
737
524
160
168
103
243
300
440
205
73
124
737
584
53
371
15
274
491
646
172
279
701
47
435
226
125
278
154
273
388
15
98
506
32
619
203
282
333
440
439
4
82
400
103
171
46
757
112
411
476
672
379
196
233
9
145
172
81
199
504
530
281
84
116
77
260
531
13
38
179
639
770
635
323
658
403
585
765
112
637
144
590
48
22
167
204
168
85
472
496
407
72
425
471
738
702
699
4
634
61
100
584
136
712
365
237
133
685
344
332
733
247
622
249
514
184
265
615
340
718
176
108
379
649
42
370
188
694
662
410
691
282
11
500
411
364
