20
65
58
58
53
53
63
72
77
71
78
68
60
38
43
80
88
84
76
84
68
44
49
72
73
35
25
37
52
41
63
62
49
73
59
68
75
73
60
40
50
69
57
64
78
78
68
79
75
63
31
35
78
87
71
41
59
51
32
49
47
35
46
49
33
29
48
64
77
48
41
36
50
62
77
88
72
61
53
53
31
33
70
68
72
48
63
78
69
46
69
83
59
37
33
46
53
79
79
56
52
70
69
37
34
70
64
72
68
31
38
62
81
72
53
46
33
51
81
83
48
39
34
63
66
21
